672
472
542
693
22
268
182
327
734
699
365
621
620
787
477
131
578
8
145
225
485
14
184
232
237
174
450
354
888
734
468
754
872
19
320
353
154
103
790
618
18
975
648
54
897
862
130
470
306
752
450
202
796
665
414
943
714
918
629
534
948
147
697
810
188
112
238
269
172
412
464
368
338
445
167
349
552
195
446
851
246
872
234
666
322
90
390
595
839
798
605
603
476
762
464
357
264
930
809
454
142
481
976
442
351
117
711
960
100
912
319
924
15
866
497
248
490
696
399
961
264
757
765
41
483
66
684
412
306
585
296
497
7
600
253
238
665
53
766
982
978
508
651
166
324
561
255
233
371
565
773
48
766
571
859
174
121
22
235
312
150
432
486
539
137
427
409
631
993
901
209
517
978
23
883
464
423
79
393
873
210
548
926
885
473
37
637
541
818
838
785
103
69
524
316
523
838
93
925
466
974
956
693
621
50
255
893
460
384
953
491
862
809
85
213
392
651
566
469
679
319
707
874
579
332
834
975
639
196
675
360
340
105
131
858
102
550
2
563
646
778
823
695
855
784
404
790
127
922
163
968
666
634
310
621
60
911
142
620
60
682
437
126
124
767
71
379
294
691
340
851
493
423
759
432
896
345
334
716
659
528
995
182
741
600
925
105
469
243
555
218
947
497
977
822
16
644
309
223
674
779
356
203
126
585
692
276
87
544
937
494
194
88
788
501
322
764
640
512
917
153
185
848
21
252
622
947
706
758
232
626
271
738
938
987
126
731
411
529
305
531
589
623
349
284
943
478
139
507
123
53
292
802
119
423
589
550
955
287
771
525
370
920
365
419
737
887
827
396
496
375
905
334
771
388
892
455
479
456
930
354
371
901
868
141
586
581
638
455
750
649
897
815
277
509
237
960
480
400
602
247
38
462
202
444
360
325
621
101
672
109
496
207
312
434
987
436
804
510
3
638
328
275
78
368
876
580
798
901
216
888
229
841
909
796
610
885
828
1
61
96
154
183
250
76
250
632
201
535
426
892
207
34
655
433
304
802
657
285
901
563
952
84
364
671
576
156
210
819
620
885
455
361
52
994
836
919
982
750
300
204
421
706
70
276
700
950
71
447
154
141
166
308
440
213
909
109
889
743
605
347
342
482
355
255
488
98
997
454
375
122
359
611
241
163
653
239
266
173
852
790
470
651
784
249
597
940
841
72
300
371
9
1000
110
242
948
636
988
803
775
631
971
844
694
560
125
861
92
786
27
348
419
326
190
324
534
494
55
283
976
875
285
51
997
197
8
539
708
493
892
530
445
986
254
711
372
391
25
812
594
70
550
393
656
656
199
655
805
478
818
370
406
274
109
352
518
87
814
342
64
115
956
623
484
1
309
673
621
683
214
375
846
488
311
728
424
318
820
204
381
965
882
268
779
570
231
752
191
82
253
280
767
373
419
111
213
788
957
730
406
355
257
791
840
647
781
777
960
332
666
124
229
244
182
906
156
509
216
48
143
361
261
783
454
451
587
609
264
37
791
69
724
47
642
937
127
11
633
295
963
988
814
972
176
808
96
982
604
941
752
617
323
575
569
207
848
842
625
340
438
449
168
591
642
933
431
365
495
876
666
476
945
903
967
242
539
112
130
422
537
19
735
924
586
214
184
925
65
598
403
942
400
874
358
870
71
199
669
783
129
133
203
843
500
415
606
72
878
972
102
924
593
936
610
174
680
669
747
239
16
169
246
989
681
306
956
347
555
229
486
682
276
407
386
171
39
940
420
730
246
349
641
178
20
670
185
37
106
836
927
796
34
339
853
412
377
44
230
773
457
505
326
497
285
203
691
220
980
438
591
57
578
99
632
933
320
334
627
500
777
892
822
489
287
154
159
875
155
211
902
710
441
812
767
841
208
719
322
177
855
388
122
314
588
525
570
990
533
825
503
982
8
615
174
552
86
416
483
19
406
338
907
9
800
777
54
252
586
798
225
478
473
583
767
46
582
407
894
488
124
93
800
659
543
234
793
275
572
374
824
597
876
537
867
802
491
642
848
896
163
713
644
277
590
769
91
223
626
31
786
893
677
638
33
254
343
220
377
503
815
816
542
940
571
696
787
888
580
834
77
960
138
488
826
151
679
837
313
920
510
9
889
747
403
857
800
456
998
19
304
791
642
351
78
41
253
817
156
765
176
430
92
59
841
569
184
871
630
545
988
463
723
392
579
490
195
86
572
193
616
898
288
5
802
27
474
955
317
88
777
165
210
450
615
13
993
731
771
169
985